   -0.5114   -0.0388   -0.0678    0.8967   -0.1941    0.1955    0.4829
    1.3088    0.9252   -0.0866    2.1567    0.9759    3.3019    1.7811
   -0.4010   -0.2327    0.1442   -0.3597    0.3228   -1.4039   -0.3882
    0.4911   -0.1152   -0.5065    1.2544   -0.0216    0.3028    1.2131
   -1.2107   -0.6609   -1.0617    0.6457   -1.4148   -2.6665    1.0938
    0.4116   -0.0071   -0.5227    1.0318   -0.5827   -0.3277    1.4869
   -0.1958    0.3020    0.3448   -0.3205    0.3183   -0.1929   -0.1460
    1.6991    1.8407    1.3235    0.1619    2.1350    3.0618   -0.1626
    0.0984    0.4907    0.9109   -0.3991    0.7331    0.4839   -0.2360
   -1.5582   -0.3193    1.0085   -2.0146   -0.3554   -3.0168   -1.4690
    0.8124    0.3535    0.0242    0.9192    0.3171    0.7526    0.8622
    1.2201    0.0839   -1.1770    2.0485   -0.2118    1.4447    1.7156
    0.6684    0.4062   -0.0646    1.1973    0.2194    1.1162    0.8393
   -1.5494   -0.4995    1.0786   -2.2335   -0.0309   -3.0076   -2.1543
    0.6832   -0.2893   -1.1345    1.6456   -0.9466   -0.1339    1.6433
    0.0299   -0.0954    0.4608    0.1111    0.2998   -0.0942    0.0052
   -0.2020    0.8716    1.1399   -0.6744    0.9652    0.4957   -0.6402
    0.0341    0.5316    1.3720   -1.3623    1.5946   -0.2009   -1.2817
    1.2052    0.4240   -0.8261    2.0978    0.1458    1.7132    1.7755
    0.1166    0.1683    0.2052    0.3708    0.4815    0.4445    0.3771
   -0.1110   -0.1845    0.2096   -0.4094   -0.1170   -1.3593   -0.0881
   -0.0292   -0.9673   -1.1415    1.4722   -1.0774   -0.8585    1.0246
    3.1611    1.8118    0.6556    2.2575    2.0044    5.0787    1.6344
    0.2486    0.6829    1.2242   -0.6489    1.3536    0.7845   -0.4924
   -1.3423    0.2730    2.0271   -3.4908    1.2979   -2.5794   -2.5150
   -2.7555   -1.6938   -0.5071   -1.9770   -2.1373   -6.3586   -1.3241
    0.1389   -0.5267   -1.6357    2.1662   -1.4467   -0.5855    1.9725
   -0.9685    0.9199    1.6934   -1.7992    1.3273   -0.6031   -1.4450
    0.1348    0.4416    0.8707   -0.0538    0.5824    0.7790   -0.3639
    0.1990    0.4452    1.2735   -0.3345    1.2831    0.8227   -0.2001
   -0.2406   -0.5004   -1.1901    1.4798   -1.2369   -0.9084    1.8099
    0.8741    0.1419   -0.5702    1.8233    0.0068    1.3869    1.5722
   -0.6246   -0.8198   -1.1726    1.0417   -1.8699   -2.2399    1.3075
    0.0125    1.2017    2.3416   -1.9209    2.0853    0.8390   -1.7410
    0.0043   -0.1166   -1.1402    1.5401   -0.7673   -0.0246    1.5559
   -0.4016    0.0921    0.1901   -0.1291   -0.1343   -0.6290   -0.1424
    0.7083    0.1426   -0.7763    2.1466   -0.7154    0.7518    1.7219
    0.8072    2.0237    2.9477   -2.4503    3.0537    2.1675   -2.2963
    0.0831    0.4077   -0.0555    0.0690    0.4707   -0.1324    0.3502
   -0.0097   -0.3866   -0.5512    0.9305   -0.9807   -0.8924    1.1236
    0.9225    0.9001    0.6697    0.4118    1.1622    1.6882    0.6396
   -0.0138    0.5209    0.9266   -0.3137    0.8344    0.0570   -0.2178
   -0.2262   -0.1716   -0.2721    0.3471   -0.4111   -0.8681    0.4156
    0.6740   -0.4149   -1.5836    2.3831   -1.6361   -0.1107    2.0833
    1.5022    1.3828    0.9982    1.1074    1.9736    3.5528    0.4670
   -0.0240   -0.4483   -0.5987    0.7793   -0.4173   -0.7706    0.8153
    0.6506    1.6830    2.5310   -1.5572    2.5099    1.9573   -1.8312
    0.5441    0.0898   -0.8501    1.8269   -0.6891    0.3688    1.9182
    2.4378    0.7744   -0.3642    2.7556    0.4652    3.1744    2.4117
   -0.8091   -0.3078    0.2814   -0.3189   -0.5700   -1.7149    0.1449
    0.3104   -0.4458    0.0778    0.2732   -0.3596   -0.3891    0.4883
    0.1753   -0.8425   -0.8962    0.9660   -1.2892   -1.7692    0.8241
    0.9618    0.5389    0.6619    0.4536    1.1127    1.4387    0.0274
   -0.0683    0.5401    1.2628   -1.0534    1.1384   -0.1014   -0.7353
    3.0013    1.7561   -0.0556    2.9830    1.2296    5.3778    2.8486
   -0.9519   -0.1358    0.6626   -1.2022   -0.0795   -2.0457   -0.9786
    1.9530    1.8462    1.7883    0.2089    2.8524    4.1397    0.2601
    0.6226    0.5156    0.1794    0.8568    0.3833    0.9322    0.6685
   -1.8627    0.6236    2.2531   -3.7419    1.3681   -2.8725   -3.1462
    0.0140    0.1943   -0.3127    0.8198   -0.1901    0.2456    0.8198
    0.4863    0.8028    1.2953   -0.7501    1.4893    1.3870   -0.7670
    0.2341    0.6348    0.6889   -0.1231    0.7737    0.4184   -0.2790
    1.7458    0.5325   -0.8355    2.5843   -0.2149    2.2320    1.9475
   -0.0431    0.1252    0.0423   -0.2033   -0.0826   -0.8280   -0.2847
    0.9773    0.8274   -0.0154    1.3490    0.3662    1.7662    1.0389
   -0.9932    0.1531    1.7207   -2.1989    0.8840   -1.6298   -1.9619
   -0.5421   -0.3978   -0.0592    0.0644   -0.3266   -1.3103    0.4790
    1.4884    1.3091    1.1828    0.5238    1.6087    3.3041    0.1459
    0.1996    0.4315    0.5816    0.5477    0.0299    0.8301    0.6336
   -0.9272   -0.8207   -0.4343   -0.6387   -1.3932   -3.4367   -0.3046
   -0.0837    0.3936    0.2934    0.1428    0.2499    0.0464    0.2954
    0.7915    0.3276    0.3855    0.6260    0.1078    0.7928    0.6378
   -0.1672    0.0537    0.3611    0.0965    0.3053    0.0138   -0.0655
   -0.4309   -0.3769    0.1641   -0.4982   -0.2368   -1.6195   -0.1993
   -0.6935    0.1360    0.7338   -1.1147    0.0190   -1.4356   -0.6958
    0.2397   -0.5604   -1.1172    1.7859   -0.7930   -0.0326    1.4406
    0.1830    0.2188    1.3032   -1.3333    0.9036   -0.2642   -1.1341
   -0.3584    0.8149    2.2373   -2.4197    1.4771   -0.7480   -2.3459
    1.0488   -0.3576   -1.2837    2.2568   -0.4233    0.9703    2.1580
    1.8540    0.0606   -1.5698    3.9087   -1.1673    2.6327    3.5625
    1.3100    0.8203    0.5016    0.7222    1.1473    2.4028    0.3006
    0.9687    1.7445    1.9849   -1.1872    2.6383    2.1242   -0.9955
   -0.7362    0.0454    0.7995   -0.9109    0.3712   -1.1268   -0.6395
    0.3608    0.0320   -0.3244    0.8612   -0.4312    0.0276    0.8436
   -1.7291   -0.0946    1.5533   -2.5503    0.6491   -2.6279   -2.0944
    0.4890    0.8570    0.9919    0.2318    1.1210    1.4140    0.0851
    1.5238    0.8201    0.1868    1.6225    0.6618    2.4290    1.2213
    1.0833    1.0937    1.0759   -0.0907    1.2221    1.4214   -0.3834
    0.1216    0.8916    1.7582   -0.8914    2.0805    1.5095   -1.0564
   -0.8503   -0.3221    0.7212   -1.3361    0.0135   -2.1316   -1.4854
   -1.2222   -0.8921   -1.0191    0.5289   -1.2155   -2.3107    0.7543
   -0.2401    0.2399    1.1373   -1.2489    0.1910   -1.1175   -1.3509
   -0.8209    0.2056    1.5851   -2.0681    1.0380   -1.4446   -2.0660
    0.4931   -0.3049   -0.8343    1.3745   -0.3620    0.2837    1.3393
    1.4305    0.5571   -0.4878    1.9789    0.5923    2.3063    1.8875
   -0.2847    0.0167    0.8230   -0.3978    0.5536   -0.2861   -0.4961
    0.3799    1.1279    1.9903   -1.4605    2.4298    0.8804   -1.5867
    0.0357    0.9599    1.7517   -1.6900    1.2656   -0.2160   -1.4790
    0.7884    1.0282    0.8167    0.2149    1.2286    1.4656   -0.0373
   -0.2852    0.5353    1.2798   -1.2187    1.3929    0.0800   -1.1275
    0.4971    0.5034    0.4270    0.3726    0.6663    0.6904    0.2259
   -0.4592    0.4444    1.1158   -1.1606    0.8947   -0.2036   -0.9976
   -1.1887   -0.8647   -0.5308   -0.2754   -1.2475   -2.8381    0.1631
    0.7498    0.9228    1.0237    0.3747    0.9787    1.7800    0.0030
   -0.1293   -0.3184   -0.1772    0.7748   -0.4026   -0.4902    1.0890
   -0.9645    1.2760    4.0606   -4.8892    3.2975   -0.9125   -4.5931
   -0.5251   -0.3001    0.2403   -0.2582   -0.6175   -1.5349   -0.3233
   -0.6257   -0.2677    0.4676   -0.6544    0.0594   -0.9396   -0.5653
    0.1738   -0.6997   -1.6373    1.9084   -1.8445   -0.8758    1.9612
   -1.0727   -0.9460   -0.3138   -0.6793   -1.3331   -3.1206    0.1391
    1.7878    0.9912   -0.0598    2.2873    0.6363    3.1066    1.8056
    0.5914    0.8414    1.2256    0.1943    1.3475    1.7216   -0.0221
    1.6565    1.2723    1.3942    0.6733    1.8664    3.1079    0.4502
    0.9181    0.7640    0.7561    0.3561    1.0287    1.9557    0.0544
    0.4162    1.4050    2.8185   -1.8094    2.7067    1.8744   -2.0655
    1.0146    0.3816    0.0057    1.1342    0.0837    1.2466    0.5882
   -0.0654    0.6478    1.4575   -1.4049    1.6200    0.3268   -1.2677
    0.9235    0.4398   -0.2850    1.6525    0.2774    1.5644    1.2087
    0.3606   -0.0765   -0.5037    1.0138   -0.6556   -0.6671    1.0971
   -0.2798   -0.0533    0.3257   -0.2791    0.2811   -0.3903   -0.1574
   -0.3237   -0.3220   -0.6134    0.2395   -0.3273   -1.2690    0.4803
   -0.7637    0.0175    0.3401   -1.1314   -0.1444   -1.7789   -0.5972
   -0.1076   -0.4591   -1.1646    1.5522   -1.1996   -0.9150    2.0599
    0.5633    0.7335    1.1039   -0.0806    1.2349    1.7584   -0.0735
   -1.4833   -0.8168   -0.6386   -0.0935   -1.4569   -3.0133    0.1689
   -0.5686   -1.8448   -2.6979    2.5360   -3.0618   -2.5523    2.9240
    0.3136    0.8905    1.2671   -0.2246    1.2538    0.9344   -0.1719
    1.5241    2.1487    1.8683   -0.2314    2.6417    3.9342   -0.9331
   -0.8525   -0.7009   -0.9177    0.8674   -1.6979   -2.0712    1.1679
   -0.5736    0.5527    1.9524   -1.6741    1.4960   -0.4755   -1.4792
    0.8194    0.2010   -0.3382    1.3800   -0.5897    0.9089    1.2555
   -0.5246   -0.0034    1.1647   -2.1169    0.3829   -2.3487   -1.5936
    0.0099   -0.3691   -1.1090    1.1592   -0.4300   -0.7708    1.2466
    0.6899    0.1913    0.0238    1.1204   -0.0439    0.8485    0.7327
    0.7410    0.1869   -0.5618    1.6067   -0.2361    0.8219    1.6303
    1.3857    0.5124   -0.9432    2.2322    0.1250    2.0644    1.6503
    0.3910    0.0581   -0.1848    0.9811   -0.1748    0.2147    1.1934
    1.5859    0.5321   -0.1260    1.5731    0.3157    1.6306    1.7479
    1.6921    0.1717   -0.9720    2.6830    0.0402    2.4827    2.3748
    1.6005    1.4125    0.4116    1.3894    1.1936    3.1907    0.7191
    0.2862    0.2031   -0.4219    1.7193   -0.3843    0.3862    1.7980
    0.8999    1.2882    1.9526   -1.1690    2.5355    1.8503   -1.2801
    1.2983    0.7907   -0.1877    1.6381    0.0687    2.0102    1.2358
    0.7480    0.4607   -0.5742    1.6624   -0.1321    1.5070    1.4960
    0.1877    0.7826    1.4145   -0.9797    1.4526    0.5229   -1.3375
    0.5675    0.6458    1.0636   -0.5178    0.7617    0.8283   -0.4509
   -0.0598   -0.3432   -0.0997    0.4463   -0.7768   -0.7114    0.6601
    1.6002    0.6101   -0.3514    2.1358    0.4536    2.5631    2.2748
    0.5867    0.4665    0.5220   -0.1824    0.8711    0.4872   -0.4220
    0.0165   -0.5325   -0.3587    0.9124   -1.1804   -0.7421    0.9940
   -0.8487   -0.8259   -1.0468    0.9269   -1.5103   -2.2148    1.2979
    0.0460    0.1851   -0.1591    0.5958   -0.3603   -0.2951    0.2279
   -0.5464   -0.0873    0.7670   -0.2779    0.4385   -0.5653   -0.0359
    0.8757    0.6879    0.5067    0.0894    1.0513    0.8189   -0.0830
   -2.2708   -1.3274   -0.7141   -1.2157   -1.8386   -5.0307   -1.0811
    0.3939    1.2365    1.4047   -1.0796    2.2890    1.4378   -1.4421
    1.4915    1.1104    0.3985    1.2715    0.9922    2.4797    1.1013
   -0.6259    0.5866    1.3333   -1.5829    0.8736   -0.8545   -1.3256
    0.6495    1.1267    1.4673   -0.5426    1.5757    1.3660   -0.8775
    0.4283    0.0878   -0.1328    0.6762    0.1425    0.0752    0.9105
    0.8503    0.3461    0.1876    0.8537   -0.0810    0.7525    1.0608
    2.5966    1.2504    0.0093    2.6521    1.1315    4.5247    2.1716
   -0.5451   -0.7330   -1.0136    0.9965   -1.2978   -1.3044    1.4207
    0.7847   -0.5437   -1.7517    2.1175   -1.5277   -0.3460    2.0049
    1.7666    1.4564    1.4578    0.6726    2.2102    3.7860    0.2068
    0.0209   -0.1728   -0.6669    1.1801   -0.8126   -0.4195    1.1116
    1.8666    0.7203   -0.2545    2.3957    0.0016    2.3717    2.3969
    0.4024    0.1961    0.3861    0.2077    0.7351    0.6016   -0.0959
   -0.7521   -0.2498   -0.3520    0.1628   -0.3855   -1.1324    0.3391
    1.5547    0.7291    0.3463    0.9049    0.9368    2.1113    0.8435
    1.8068    1.2129    0.7746    1.1807    1.2432    2.8926    0.7949
   -1.6097   -1.3018   -1.1115   -0.2698   -1.8479   -3.9480    0.3424
    0.0963    0.8670    1.4439   -0.9787    1.2943    0.7000   -0.9268
    1.1284    0.3429   -0.4024    2.0226   -0.0704    1.3169    1.4540
    0.1430   -0.1292   -0.6160    1.3501   -0.6987   -0.2548    1.4969
   -0.5793   -0.0533    0.4769   -1.0490    0.3980   -1.4654   -0.9402
   -0.2100   -0.2577   -0.2238    0.6285   -0.7373   -0.8994    0.7151
   -0.9581    0.9258    2.8113   -3.4173    2.1967   -1.2066   -3.1130
   -0.2325    0.5968    0.8802   -0.8206    1.2522    0.0971   -0.5087
    0.8223    1.3463    1.9965   -0.8450    1.7919    1.9073   -0.9148
    1.0495    0.7847    0.3915    1.1711    1.0568    2.2313    0.8088
   -0.2692    0.5695    1.8116   -2.1333    1.0874   -0.9168   -2.0030
    1.0493    0.1366   -1.2237    2.6431   -1.1009    1.1723    2.4911
   -0.7201    0.0905    0.6954   -1.5750    0.4438   -1.7965   -1.0638
   -0.0900   -0.8536   -0.9054    1.5209   -1.4872   -0.9234    1.7901
    0.8768    0.0701   -0.7680    1.5634   -0.3578    0.8608    1.4125
   -0.5372   -0.1649    0.0031   -0.0397   -0.4037   -1.4844    0.1107
   -1.2810   -0.6116    0.3968   -1.5081   -0.5771   -3.6308   -1.0394
   -0.6118   -0.2059    0.5999   -1.2798    0.0580   -1.7955   -0.8837
    0.0369    0.2349    0.4041    0.4085    0.4874    0.9444    0.4938
    0.8345    0.2876    0.3232    0.5827    0.1299    0.6337    0.3074
   -0.1575   -0.0110   -0.4785    0.7646   -0.4203   -0.4765    1.0301
    1.7816    1.5967    1.3775    0.6856    2.4991    4.3349    0.4401
    1.7157    1.2011    0.6594    1.2332    1.8254    3.2370    1.1089
   -0.1495   -0.3419   -0.3011   -0.1171   -0.8337   -1.8580    0.2614
    0.0749    0.5869    0.5494    0.0384    0.4501    0.1814   -0.0621
    1.1151   -0.0207   -0.7440    1.4504   -0.3481    0.4957    1.0899
    0.2260    0.4179   -0.5201    1.2393   -0.3568    0.5153    1.0830
   -0.0899    0.9371    1.3163   -1.0200    1.0170    0.2601   -0.8491
    0.6886    0.4353   -0.2932    1.0189    0.3655    1.1012    0.9784
   -1.4921   -0.9757    0.0213   -1.1180   -1.2905   -3.7729   -0.4199
   -0.2308   -0.1044   -0.2133    0.0723   -0.5178   -1.3624    0.4707
    0.7536    0.9675    0.9505   -0.0561    1.3807    1.7979   -0.2574
   -2.4114    0.1653    2.0570   -3.7525    0.8969   -3.4301   -3.3197
    1.2713   -0.1594   -1.4969    2.6941   -1.1796    0.9257    2.5025
    0.6168    1.0755    1.3559   -0.2177    1.4347    1.8310   -0.5137
    1.0636    1.0305    0.5576    1.2384    0.8473    2.5774    0.9876
    0.5040    0.7942    1.1468   -0.3486    1.2995    1.1946   -0.5082
    3.5845    1.7372   -0.0011    3.6951    1.5507    6.4669    2.8801
    1.3265   -0.4435   -1.8532    3.0732   -1.8616    0.3770    2.7247
    1.4194    0.8622    1.0837    0.7365    1.0326    2.3270    0.8266
   -0.3218    0.5527    1.1283   -0.9914    1.0318    0.2533   -1.1189
    0.0595    1.0649    2.7859   -2.0224    2.0432    1.1857   -2.1363
    0.1200    0.1319    0.4496    0.1844    0.5917    0.2179   -0.0601
   -0.5993   -0.9082    0.0739   -0.5791   -1.1584   -2.7996   -0.0906
    1.1368   -0.1783   -1.1480    2.2922   -0.3706    0.8644    2.1756
   -0.1093    0.3942    1.0302   -0.7565    0.7827    0.1022   -0.5737
    0.6776   -0.4062   -1.2836    1.7871   -1.3745   -0.6103    1.6347
    0.3345    0.1346   -0.5536    1.6857   -0.7461    0.6320    1.6541
   -0.5263   -0.3026   -0.5003    0.4360   -0.9937   -1.5808    0.7717
    0.2314    0.7151    0.7929    0.1133    0.5994    0.7427   -0.2706
   -1.9207   -1.0551   -1.2267   -0.0079   -1.8142   -3.8710    0.4675
    0.0349   -0.5473   -1.2426    1.3738   -1.3735   -1.0121    1.2292
    2.2878    1.8584    1.3749    1.2306    2.2911    4.6195    0.5241
    0.4732   -0.5443   -0.5730    1.0841   -0.5363   -0.4891    1.0772
    0.0578    0.6715    1.3293   -0.7554    1.4701    0.8669   -0.7183
    0.6624    0.8704    0.9671   -0.0363    1.1744    1.1449   -0.1756
    0.3077    0.6285    0.6351   -0.2475    0.7003    0.3549   -0.0656
   -0.1208   -1.1601   -2.3262    2.3828   -2.3364   -2.0624    2.0783
    0.3511   -0.2749   -1.4098    1.9562   -1.6268   -0.6181    1.8205
    3.0182    1.9996    1.1119    2.3925    2.7569    6.4575    1.7845
    0.3111    0.3651   -0.1254    1.0688   -0.0658    0.8065    0.7071
    1.7099    1.0318    0.4354    1.5430    0.7781    3.0850    1.0716
    2.0260    0.9939    0.2996    2.1033    0.8908    3.4315    2.0001
    0.0088    0.2521    0.7413   -0.7196    0.8561   -0.1265   -0.7088
    1.2451    0.4772   -0.1441    1.5937    0.5000    2.0342    1.2312
    1.7469    0.8395    0.3689    1.4358    0.8194    2.5360    1.0993
    0.2236    0.0802    0.0393    0.4961   -0.2202   -0.3531    0.0716
    1.0272    1.4787    1.3791    0.0161    1.9385    2.5850   -0.2676
    1.6045    0.6701    0.4584    1.4232    0.7701    2.4202    1.4522
   -0.0130    0.9524    1.3504   -1.0501    1.0061    0.4222   -1.1822
    0.1693   -0.2042   -0.4305    0.6424   -0.5486   -0.8588    0.6972
   -1.1095    0.4009    1.5082   -1.9054    1.1308   -1.1862   -1.8922
    1.8068    1.0612    0.2804    1.5293    0.4615    2.8301    1.1970
   -0.0095    0.2458    0.7093   -0.5886    0.8882   -0.0227   -0.6728
   -0.5212   -0.1059    0.2317    0.0787   -0.5242   -1.1646    0.2814
   -0.1737   -0.1472   -0.2390    0.6158   -0.1018   -0.1073    0.3068
    0.2291    0.7465    2.0106   -1.7617    1.1991   -0.4817   -1.6145
    1.7784    0.0053   -1.8538    4.0218   -0.8659    2.4181    3.7845
    0.9453    0.4424    0.0711    1.0513    0.1058    0.8609    0.7244
   -1.2934   -0.8601    0.2101   -1.1406   -0.5802   -3.1728   -0.6514
   -0.8567   -0.4053    0.1499   -0.7897   -0.2563   -1.7867   -0.7562
    0.3777    0.7696    0.8461   -0.0264    0.9030    0.7967    0.2212
    2.1757    0.6432   -0.8291    3.3977    0.0297    3.4106    2.8309
    0.3160    1.5636    2.5377   -1.5995    2.3803    1.9821   -1.6550
    1.9401    1.0674    0.6553    2.3982    1.2973    4.0000    1.5672
   -0.3810    0.5687    1.9969   -2.2200    1.4066   -0.5819   -2.1750
    0.6462   -0.0037   -0.0850    0.5128    0.2796    0.1070    0.2878
   -0.1365   -0.1521   -0.3982    0.7521   -0.6645   -0.5592    0.8923
    0.3710   -0.1031   -1.0134    1.5164   -0.6323   -0.3034    1.4380
   -0.6586   -0.5329   -0.1334   -0.0884   -1.0982   -2.1853   -0.5062
    0.9422    0.4267   -0.1296    1.4948    0.0881    1.5429    1.2044
    0.0360    0.5555    0.6395   -0.2666    0.7357    0.5631   -0.5492
   -1.0478   -0.6419   -0.4396   -0.7484   -0.8904   -2.6641   -0.4213
    1.0364    0.9772    0.8270    0.2078    1.2900    1.6324   -0.2315
   -1.0885   -0.4250    0.3836   -0.7547    0.0140   -1.7389   -0.6086
    0.8825    1.3788    2.2246   -1.0091    2.7081    2.0185   -0.9877
    1.1399    1.0009    1.1646    0.1766    1.2377    1.8419   -0.3085
    0.3171   -0.8934   -2.4556    3.1468   -2.0746   -0.6349    3.0514
   -0.7026    1.0214    2.4728   -2.8934    2.4372    0.0410   -2.6983
    0.2753    0.9943    1.9879   -1.4275    1.6025    0.8162   -1.2061
    2.2183    1.3406    0.8584    1.4443    1.9622    4.3035    0.8750
    1.2229    1.8175    2.6762   -1.2038    3.2250    3.1514   -1.5157
    0.9955    0.9421    0.9666    0.2709    0.5085    1.5976    0.1490
   -0.1629   -0.2367   -0.1784    0.3384   -0.2316   -0.6946    0.3506
   -0.6470    0.0058   -0.0997   -0.2979   -0.3893   -1.5101   -0.4143
    1.7803    1.0354   -0.1868    2.6515    0.3852    3.3974    2.1574
    2.0992    0.5757   -0.6016    2.4871   -0.0680    2.4303    2.2060
   -0.3510    0.0593    0.2086   -0.4609   -0.1851   -1.2825   -0.2631
    1.4959    0.4640   -0.7610    2.8664   -0.3275    2.5183    3.0831
   -2.5469   -0.9886   -0.1245   -1.6771   -1.4817   -4.7720   -1.0884
    0.3814   -0.6949   -0.9455    1.4035   -1.1695   -0.8688    1.1420
   -0.5669   -0.4375   -0.3885    0.5031   -0.3410   -1.0363    0.5244
    1.3844    0.4108    0.6762    0.8380    0.7343    2.0143    0.4656
    1.0337    0.1911   -0.7586    2.3231    0.1692    2.0208    2.2968
   -0.1253   -0.2497   -1.0730    1.7032   -0.9636   -0.3353    1.3807
   -0.0201    0.1318    0.0656    0.0883   -0.0214   -0.3410    0.5462
   -0.3225    0.2183    0.8738   -1.0596    1.0652   -0.6000   -0.9184
    1.2620    0.7902    0.5967    0.6968    0.9042    2.1186    0.1838
    1.1088    1.2174    0.8542    0.6243    0.9334    2.1378    0.6387
    0.6649    0.5336    0.9061   -0.2474    0.7555    0.7518    0.0383
    0.6770    1.0679    1.6888   -0.7329    2.3218    1.2799   -0.7624
    1.0439    0.6059    0.0173    2.0014    0.4036    2.1310    1.7545
   -0.1429   -0.3638    0.1596   -0.2319   -0.2827   -1.4212   -0.0135
    0.1964   -0.3688   -0.9102    1.0004   -1.2777   -1.1757    1.0983
   -0.8398    0.6622    2.2552   -2.6894    1.5545   -0.7350   -2.9410
    1.6944    1.0683    1.1512    1.1133    0.9793    3.2536    0.7228
   -0.8886    0.0459    0.4447   -1.0631    0.2199   -1.6741   -0.5612
   -0.5257   -0.4011    0.1549   -0.6068   -0.1693   -1.6903    0.0466
    1.3228    0.4779   -0.7306    2.5718   -0.3846    2.3619    2.1211
    0.4553    0.7095    0.8737    0.0944    0.8935    1.4540   -0.2795
    0.2836   -0.0611   -0.8972    1.6554   -0.9963    0.0550    1.6535
    0.8512    0.7486    1.1290   -0.0535    0.8798    1.0655   -0.0092
    1.0192    0.3883   -0.5599    1.8477    0.1344    1.4455    1.7075
   -0.0121   -0.2583    0.1418    0.0535   -0.1997   -1.1420   -0.1058
    1.5655    0.6809    0.0427    1.9621    0.9409    3.0152    1.7733
    2.1205    1.6914    1.2684    1.3578    2.5874    4.9092    0.7387
    0.3247   -0.5201   -0.5655    0.3604   -0.9883   -1.0881    0.7553
    1.0545    1.4310    2.0093   -0.5466    2.0357    2.4256   -0.4783
   -0.9273    0.1924    1.0895   -2.0673    0.2442   -2.2409   -1.7578
   -0.8673   -0.5475    0.0319   -1.0451    0.0317   -2.1472   -0.9271
    1.1745    0.1337   -0.9283    1.9413   -0.1572    1.4148    1.6359
   -2.0732   -0.4373    1.1499   -2.8598   -0.1370   -3.9724   -2.3421
   -1.4742   -0.2410    1.3281   -2.5320   -0.1535   -3.2536   -1.8225
   -0.2536    0.1306    0.2055   -0.2415   -0.2437   -1.1100    0.4142
   -0.0284    0.2946    1.3428   -1.6226    0.5363   -0.9404   -1.2450
   -1.2627   -0.8158    0.0522   -1.0798   -0.8151   -2.5567   -0.4406
    2.8427    1.4326    0.1180    3.5248    1.2349    5.5328    3.2406
   -0.5571    0.9833    2.0172   -1.6495    1.9555    0.1679   -1.5738
    2.3202    0.8094   -0.7756    3.2050   -0.2675    3.1769    3.0481
    0.3313    0.6858    0.8093   -0.1415    0.9028    0.7243   -0.4397
    0.1617   -0.0575   -0.1136    0.4891   -0.1182   -0.7180    0.7519
   -1.2527   -0.4252    0.8130   -1.6625   -0.3081   -2.6892   -1.6548
    1.5351    1.0142    0.6923    1.0691    1.3735    2.8396    0.7118
    1.3153    1.3147    1.9119   -1.4120    2.5608    1.9237   -1.2674
   -0.0466   -0.5365   -0.7676    0.8480   -0.9712   -1.2991    1.0527
   -0.2440   -0.1788   -1.4193    1.7075   -0.9047   -0.4913    1.5053
   -0.1557    0.5214    1.6964   -1.8145    1.8685    0.1259   -1.7652
   -0.0923   -1.1920   -1.8598    1.7846   -2.3749   -2.3069    2.0544
   -0.7704   -1.1363   -1.1495    0.5831   -1.5807   -2.5947    0.6283
    0.9178    0.4445    0.3251    0.5982    0.3644    0.8887    0.6312
    0.0422    0.7711    0.8525   -0.3467    0.7622    0.5467   -0.2847
    1.6944    0.4971   -0.5685    2.6029    0.1863    2.7441    2.0852
    1.5209    0.8399    0.7926    0.8066    1.2871    2.6952    0.6927
   -0.0157    0.3926    1.0040   -1.0106    0.6692   -0.6103   -0.8205
    2.1179    2.0782    2.3248    0.0284    3.0952    4.4201   -0.8421
   -0.4527   -0.7324   -1.1438    0.6749   -1.7931   -2.3759    0.9244
    0.1544   -0.0816   -0.2540    0.4287   -0.8633   -0.9007    0.5799
   -0.6443   -0.3765   -0.4536    0.4083   -0.8651   -1.6366    0.2961
   -0.3825    1.0194    2.4284   -2.2553    1.9556    0.1698   -2.0895
    0.8659   -0.0414   -0.5202    1.6810   -0.2036    0.6058    1.7390
    1.0779    1.4891    1.3558    0.5937    1.5069    2.8315    0.5435
    0.7133    0.7258    0.4408    0.7701    0.8117    1.5986    0.5440
   -0.1678   -0.0752   -0.1334    0.3569   -0.5390   -0.8624    0.3580
   -0.7120   -0.3931   -0.5391    0.1624   -1.0831   -2.1486    0.3959
   -2.2996   -0.4211    1.1527   -2.5554    0.0513   -3.7218   -1.8885
   -0.1308    0.0707    0.3600   -0.6142   -0.2665   -1.0646   -0.9870
   -0.8641   -0.2145    0.3952   -0.4844    0.3961   -0.8238   -0.0366
    1.1869    0.7263    0.9501    0.7162    1.0287    2.0305    0.4468
    0.3112   -0.7463   -1.6001    1.9564   -1.3914   -1.0243    2.1549
    0.3818    0.2208    0.4059   -0.0551    0.1532    0.0149    0.1708
   -0.5714   -0.6922   -1.1187    0.7596   -1.1780   -1.9557    1.1186
    0.7675    1.0427    2.2824   -1.4832    2.2510    1.5481   -1.7880
    0.3990    1.0762    2.7315   -2.3902    2.3590    0.4262   -2.0748
    0.8682    0.3940   -0.0996    0.9475    0.2244    1.0283    0.8759
    0.0382    0.1166    0.0693    0.3875   -0.0816   -0.4176    0.4093
    0.8126   -0.3566   -1.2061    1.7767   -1.1075   -0.1822    1.7161
   -0.5728   -0.7608   -1.1750    0.7307   -1.5333   -1.9751    0.6762
   -0.0639    0.2177    0.2670    0.2333    0.2646    0.0755    0.0432
    1.0834    0.2959    0.0600    1.0169    0.4351    1.0756    0.5592
   -0.1100   -0.6288   -1.4527    1.8891   -1.4914   -1.4267    2.1711
    1.1934   -0.2278   -1.9014    3.7055   -1.2260    1.9703    3.5800
    2.5253    1.3021   -0.3337    3.1266    0.6659    4.3961    2.3564
   -0.4404   -0.0308    0.7621   -1.4034    0.1333   -1.5934   -0.8994
    1.9457    1.1576    1.5582    0.6346    2.3342    3.4842    0.2859
    0.3503    0.7145    0.1700    0.8152    0.7157    1.2290    0.5458
   -0.7939   -0.1533    0.1632   -0.3646   -0.2215   -1.1734   -0.3935
    0.4299    0.6109    0.3965    0.1978    0.1329    0.3254   -0.0286
    0.9828    0.4320   -0.0749    1.7531   -0.1082    1.5982    1.3670
    1.3265    0.9216    0.2951    1.2454    1.0915    2.5243    0.7545
   -1.2023   -0.1371    1.0430   -1.6885    0.3362   -2.0764   -1.3922
    1.2745    0.0407   -1.1323    2.6534   -0.5333    1.5371    2.1185
    0.3300    0.5803    1.1336   -0.7383    1.1463    0.4446   -0.9317
   -0.2844   -0.2523   -0.0325   -0.4031   -0.1029   -1.0693   -0.1790
   -0.3915   -0.4968   -0.9057    0.8332   -1.1660   -1.6022    0.9981
    0.3180   -0.6451   -1.2397    1.8630   -1.5658   -0.8239    2.2386
   -0.2550    0.1156    0.2205   -0.1008   -0.0391   -0.4245    0.1299
   -0.0836    0.3366    0.7721   -0.1845    0.5427    0.1538    0.1240
   -0.2728    0.6592    1.5279   -1.8128    1.0409   -0.6436   -1.5227
    0.0839    1.3672    1.8341   -1.0944    1.9185    1.4701   -0.9658
   -1.4519   -1.1976   -0.5432   -0.8956   -1.6076   -4.4258   -0.5439
    0.7559   -0.2349   -1.1335    1.6168   -0.6171    0.1441    1.7349
    1.4086   -0.4251   -2.1614    3.6421   -1.4824    0.5825    3.3522
   -0.7254    0.2746    1.4060   -1.6276    1.0341   -0.7142   -1.4420
   -0.7335    0.1300    0.6494   -1.2200    0.0219   -1.7535   -0.6479
    1.8643    1.5438    1.8749   -0.2856    2.3337    3.1160   -0.4717
    0.4130    1.1210    2.7106   -2.3238    2.4985    0.8229   -1.9631
   -0.5196    0.8192    1.8884   -1.7858    1.9681   -0.0171   -1.8253
   -1.5569   -0.7324   -0.8154   -0.2265   -2.0599   -3.8069    0.0957
   -1.1394   -1.7066   -1.9856    1.0481   -2.6555   -3.9439    1.2798
    0.5943    0.9761    0.5976    0.3971    1.0159    1.4853    0.2959
    0.3756    0.2785    0.5698    0.3788    0.8820    0.9540    0.2644
   -1.8912    0.4379    1.2794   -2.8678    0.5656   -3.0022   -2.2780
   -0.6429    0.2550    0.5641   -1.0068    0.1070   -1.2612   -0.9126
    0.8170    0.3924    0.3283    0.6418    0.6987    1.5064    0.5179
    0.8010    0.8374    0.4270    0.9048    0.8724    1.8631    0.6591
    0.8315   -0.0462   -0.2129    1.5778    0.1508    0.8770    1.2980
   -0.6138   -0.8837   -0.6569   -0.4598   -0.9570   -2.2101   -0.1356
   -0.4844    0.1233    0.9266   -1.1144    0.3147   -1.3555   -1.0267
   -0.1559    0.0544    0.2851   -0.2425    0.5512   -0.2251    0.2914
    0.8079    1.1239    0.9430    0.1472    0.9896    1.4638    0.0920
   -0.1886    0.2783    0.1806    0.5941    0.2038    0.3496    0.7233
    0.3010   -0.7035   -1.3231    1.4129   -1.5293   -1.6023    1.6124
    0.3535    0.1552   -0.4145    0.7165   -0.2014   -0.0687    0.6994
    0.3584    0.8566    1.0185    0.0974    1.1459    1.5562    0.1098
   -0.3118   -0.5126   -0.8821    0.9070   -0.8012   -1.2935    1.0581
    0.7462    0.4129   -0.0011    0.9924    0.1490    1.1486    0.7355
    2.0833    1.4053    1.4502    0.7323    1.8894    3.5494    0.3432
   -0.2089   -0.8190   -1.2315    1.8879   -1.5071   -0.6870    1.9508
    0.7222   -0.0387   -0.3723    1.2286   -0.2089    0.5049    1.3026
    0.2240   -0.2646    0.1047    0.4345   -0.2927   -0.8930    0.4536
   -0.6354   -0.7628   -1.0194    0.7017   -1.3573   -2.2045    0.7752
    0.4778    0.2560   -0.0466    0.5131    0.1583    0.0409    0.6542
    2.0339    0.8264   -0.3681    2.4406    0.5258    3.0430    1.6003
   -0.4757   -0.0108    0.6569   -0.6611    0.0975   -1.2010   -0.6519
    0.9275    1.7629    1.5118   -0.1474    1.9354    2.8133   -0.4484
   -0.2083   -0.0959    0.3369    0.1034    0.1141   -0.9456    0.0775
    0.9119    0.5298    0.3208    0.6237    0.1700    0.9597    0.6859
   -0.4381    0.5228    1.0289   -0.9331    0.7456   -0.6961   -1.1326
    0.8641    0.7320    1.0856   -0.3858    1.1330    0.9626   -0.4068
   -0.1718    0.4086    1.1251   -0.6598    0.9954    0.3485   -0.4703
    1.1109    0.5387   -0.2506    1.2711    0.5519    1.6347    1.4238
   -1.2737    0.0201    0.7199   -1.4602    0.0353   -2.1322   -1.0220
    0.0474    0.7547    1.1252   -0.9606    1.4046    0.7856   -0.8882
    0.0384    0.1639    0.7308   -0.3429    0.2824   -0.0885    0.2239
   -0.0647    0.2282   -0.1628    0.8204   -0.2257   -0.1466    0.8296
   -0.0330    0.4825    0.7432   -0.1810    0.7408    0.4641    0.0013
   -0.1654   -0.3227   -0.2743    0.5596   -0.2691   -0.4840    0.7437
    1.0539    0.2802   -0.6837    1.8547   -0.4725    1.2226    1.5030
   -0.8557   -0.0372    0.4917   -1.1914   -0.2604   -2.5434   -0.4226
   -0.4540   -0.7997   -1.4274    0.6665   -1.6346   -2.7145    1.0035
    0.2796    0.4552    1.0969   -0.1567    0.9002    0.7804   -0.1249
   -0.2163    0.4144    0.6707   -0.7293    0.3296   -0.6784   -0.4497
   -1.2002   -0.2265    0.2690   -1.0565   -0.2761   -2.4186   -0.8566
   -0.7540   -0.5514   -0.6738    0.0768   -1.2905   -2.4913    0.3375
   -0.9044   -1.4594   -2.3799    1.6777   -2.1864   -2.8244    1.9263
    0.9480   -0.1619   -1.3745    2.7689   -1.4345    0.9835    2.7766
    0.3371    0.4360    0.4761   -0.0623    0.6201    0.3910    0.1687
   -0.9433   -0.1321    0.0502   -0.5783   -0.2399   -1.5183   -0.2816
    2.5121    2.0682    0.9302    1.4505    2.6283    5.0728    1.0625
    0.1133   -0.3291   -0.3402    0.5869   -0.5569   -0.9640    0.5428
    0.3046   -0.0777   -0.7128    0.9751   -0.7560   -0.8489    1.0651
    1.1196    0.4637    0.0781    1.1646   -0.1350    1.1302    0.7244
   -2.4155   -0.3422    1.7545   -3.5374    0.4156   -4.0846   -3.0774
    0.2975    0.8965    1.0181   -0.3663    0.8285    1.0302   -0.3496
    0.2269   -0.2997   -0.2328    0.5640   -0.3375   -0.4796    0.4481
    0.0411   -1.0140   -2.0060    2.1159   -2.7164   -2.0927    2.4776
    0.9622    1.7065    2.6355   -1.5369    2.8883    2.4611   -1.7278
    0.5083    0.8963    0.4934   -0.1768    1.0703    0.6990   -0.1981
    1.3998    1.0228    0.6328    1.1722    1.4488    2.6472    0.8228
    1.0395    1.4760    1.7233    0.0069    1.9934    3.0200   -0.3312
   -0.7333    0.0867    0.9608   -1.3885    0.1259   -1.7076   -1.1744
    1.3161    0.9602    0.0108    1.3924    0.7687    2.8288    0.9013
    0.8089    0.6014    1.0755   -0.2555    1.1178    1.4456   -0.0182
    1.4307    0.8570    0.5514    1.3219    1.2675    2.8572    0.5661
    0.5434   -0.2870   -1.4468    2.5306   -0.8920    0.6009    2.5532
    0.8089   -0.1459   -1.1035    2.4618   -0.8316    0.7228    2.2654
    0.2375    0.6700    0.1043    0.5576    0.3212    0.9510    0.4372
    0.0283    0.0670    0.4462   -0.6170    0.0963   -0.7939   -0.6388
    0.9300    0.8817    0.5777    1.0110    1.0210    2.3022    0.4825
   -0.2551   -0.5019   -0.9479    0.8713   -1.4179   -1.4845    0.7682
    0.6827   -0.0998   -0.3931    1.8964   -0.9887    0.3996    2.0606
   -1.3640    0.1508    0.3900   -0.6312   -0.0311   -1.4358   -0.2141
   -1.4552   -0.7646    0.3078   -1.4363   -0.5232   -3.5407   -0.7508
   -1.7731   -0.0081    2.0973   -3.3632    1.0769   -2.5712   -3.1697
    0.5060    0.5891    0.2784    0.2262    0.3271    0.6283    0.3055
    0.4649    0.8531    1.9695   -1.0090    1.6267    1.2367   -1.1634
    0.0377    0.9782    1.3265   -0.8394    1.6269    0.9667   -1.1535
    1.4190   -0.1494   -1.8555    3.1912   -1.0836    0.8291    3.0060
    0.1131   -0.2928   -0.3948    0.7989   -0.3770   -0.3495    0.9324
    1.8273    0.7051   -1.1106    3.2741   -0.1979    2.9790    2.8110
    0.7205    0.1930   -0.2784    1.2155   -0.2908    0.8756    1.5069
   -0.5447    0.0864    0.4458   -0.8073   -0.0539   -1.4554   -0.2232
   -1.2235   -0.8247   -0.6576   -0.3656   -0.8262   -2.9458    0.4314
    1.7704    0.9103   -0.1970    2.4138    0.3438    3.1640    2.1587
    0.0902    0.0117   -0.2216    0.3982   -0.3986   -0.8584    0.9758
    1.5930    1.9046    2.4662   -0.4290    3.1172    3.9424   -1.0098
   -1.3622   -0.4244    0.0596   -0.2586   -0.9333   -2.2473    0.2137
    2.8199    1.0976   -0.0324    2.9442    1.1763    4.7997    2.0827
   -1.5238   -0.2882    0.6222   -1.8756   -0.1061   -3.2397   -1.4322
   -0.8811   -1.1470   -1.4694    1.4994   -2.1288   -2.5946    1.4120
    0.4004    0.8015    0.8597   -0.0972    0.9969    0.9480    0.1511
   -0.8963   -0.9349   -1.3348    1.0228   -1.9357   -2.6705    1.6066
   -1.8636   -0.2269    1.5890   -3.1173    0.5113   -3.1652   -2.2401
    0.6857    1.1155    1.1893   -0.0378    1.2311    2.0500   -0.2194
   -1.0881    0.2061    1.1000   -1.5079    0.6081   -1.4416   -1.2348
   -1.2227   -0.7952   -0.5733    0.1816   -1.3266   -2.5903    0.4391
   -0.2000    0.1912    0.2285    0.0702   -0.0116   -0.4703    0.1888
   -1.0049    0.2154    0.6958   -1.2033    0.2594   -1.5384   -0.9250
    0.5855    0.2825    0.4479    0.2910    0.4654    0.2898    0.6872
    2.1511    0.5051   -1.5317    3.5421   -0.4647    3.1185    3.2927
    1.2156    0.6449    0.4882    0.8411    0.8876    1.6931    0.6187
   -0.0579   -0.5207   -0.6815    0.4888   -0.8834   -1.6878    0.3861
   -1.5973   -1.1113   -0.8725   -0.3571   -1.9181   -3.9242   -0.0136
   -1.7733   -0.6871    0.0416   -1.4657   -1.2239   -3.9512   -1.1526
    0.6410    0.6401    0.5147    0.2846    0.5822    1.1582    0.2517
   -0.1252   -0.5682    0.2938   -0.1879   -0.5220   -1.2174    0.1457
   -0.0269    0.5877    1.0604   -1.0324    0.8673   -0.0045   -0.8274
   -0.1167    0.2650   -0.1460    0.2895   -0.3784   -0.2010    0.3651
    0.6749    0.5846    0.9127    0.2026    0.6348    0.8733    0.2917
